46451|99252|99497|.|20450|16|.|99726|20450|25|.
46451|99252|99497|.|20450|16|.|113422|57218|100609|62112|25|.
46451|99252|99497|.|20450|16|.|99558|101368|.|101368|116925|25|.
46451|99252|99497|.|20450|16|.|99558|101368|.|105155|100069|25|.
46451|99252|99497|.|20450|16|.|99558|101368|.|108854|100741|25|.
46451|99252|99497|.|20450|16|.|99558|101368|.|105002|100741|25|.
46451|99252|99497|.|20450|16|.|111240|101368|16|.|101368|116925|25|.
46451|99252|99497|.|20450|16|.|111240|101368|16|.|100772|25|.
46451|99252|99497|.|20450|16|.|111240|101368|17|.|101368|116925|25|.
46451|99252|99497|.|20450|16|.|111240|101368|17|.|100772|25|.
46451|99252|99497|.|20450|16|.|111240|101368|18|.|101368|116925|25|.
46451|99252|99497|.|20450|16|.|111240|101368|18|.|100772|25|.
46451|99252|99497|.|20450|16|.|111240|101368|19|.|101368|116925|25|.
46451|99252|99497|.|20450|16|.|111240|101368|19|.|100772|25|.
46451|99252|99497|.|20450|16|.|111240|101368|20|.|101368|116925|25|.
46451|99252|99497|.|20450|16|.|111240|101368|20|.|100772|25|.
46451|99252|99497|.|20450|16|.|111240|101368|21|.|101368|116925|25|.
46451|99252|99497|.|20450|16|.|111240|101368|21|.|100772|25|.
46451|99252|99497|.|20450|16|.|111240|101368|22|.|101368|116925|25|.
46451|99252|99497|.|20450|16|.|111240|101368|22|.|100772|25|.
46451|99252|99497|.|20450|16|.|111240|101368|23|.|101368|116925|25|.
46451|99252|99497|.|20450|16|.|111240|101368|23|.|100772|25|.
46451|99252|99497|.|20450|16|.|111240|101368|24|.|101368|116925|25|.
46451|99252|99497|.|20450|16|.|111240|101368|24|.|100772|25|.
46451|99252|99497|.|20450|16|.|111240|101368|16|15|.|101368|116925|25|.
46451|99252|99497|.|20450|16|.|111240|101368|16|15|.|100772|25|.
46451|99252|99497|.|20450|16|.|100205|33071|101368|25|.
46451|99252|99497|.|20450|16|.|118476|101897|.|108097|29991|25|.
46451|99252|99497|.|20450|16|.|118476|101897|.|101071|104778|73345|81217|59151|25|.
46451|99252|99497|.|20450|16|.|118476|101897|.|105185|105262|25|.
46451|99252|99497|.|20450|16|.|118476|101897|.|104459|16|.|104459|29991|25|.
46451|99252|99497|.|20450|16|.|118476|101897|.|104459|16|.|11622|24339|113363|25|.
46451|99252|99497|.|20450|16|.|118476|101897|.|104459|17|.|104459|29991|25|.
46451|99252|99497|.|20450|16|.|118476|101897|.|104459|17|.|11622|24339|113363|25|.
46451|99252|99497|.|20450|16|.|118476|101897|.|104459|18|.|104459|29991|25|.
46451|99252|99497|.|20450|16|.|118476|101897|.|104459|18|.|11622|24339|113363|25|.
46451|99252|99497|.|20450|16|.|118476|101897|.|104459|19|.|104459|29991|25|.
46451|99252|99497|.|20450|16|.|118476|101897|.|104459|19|.|11622|24339|113363|25|.
46451|99252|99497|.|20450|16|.|118476|101897|.|104459|20|.|104459|29991|25|.
46451|99252|99497|.|20450|16|.|118476|101897|.|104459|20|.|11622|24339|113363|25|.
46451|99252|99497|.|20450|16|.|118476|101897|.|104459|21|.|104459|29991|25|.
46451|99252|99497|.|20450|16|.|118476|101897|.|104459|21|.|11622|24339|113363|25|.
46451|99252|99497|.|20450|16|.|118476|101897|.|104459|22|.|104459|29991|25|.
46451|99252|99497|.|20450|16|.|118476|101897|.|104459|22|.|11622|24339|113363|25|.
46451|99252|99497|.|20450|16|.|118476|101897|.|104459|23|.|104459|29991|25|.
46451|99252|99497|.|20450|16|.|118476|101897|.|104459|23|.|11622|24339|113363|25|.
46451|99252|99497|.|20450|16|.|118476|101897|.|104459|24|.|104459|29991|25|.
46451|99252|99497|.|20450|16|.|118476|101897|.|104459|24|.|11622|24339|113363|25|.
46451|99252|99497|.|20450|16|.|118476|101897|.|104459|16|15|.|104459|29991|25|.
46451|99252|99497|.|20450|16|.|118476|101897|.|104459|16|15|.|11622|24339|113363|25|.
46451|99252|99497|.|20450|16|.|118476|101897|.|92894|101899|101082|25|.
46451|99252|99497|.|20450|16|.|118476|101897|.|106141|46670|100040|25|.
46451|99252|99497|.|20450|16|.|100652|20450|25|.
46451|99252|99497|.|20450|17|.|99726|20450|25|.
46451|99252|99497|.|20450|17|.|113422|57218|100609|62112|25|.
46451|99252|99497|.|20450|17|.|99558|101368|.|101368|116925|25|.
46451|99252|99497|.|20450|17|.|99558|101368|.|105155|100069|25|.
46451|99252|99497|.|20450|17|.|99558|101368|.|108854|100741|25|.
46451|99252|99497|.|20450|17|.|99558|101368|.|105002|100741|25|.
46451|99252|99497|.|20450|17|.|111240|101368|16|.|101368|116925|25|.
46451|99252|99497|.|20450|17|.|111240|101368|16|.|100772|25|.
46451|99252|99497|.|20450|17|.|111240|101368|17|.|101368|116925|25|.
46451|99252|99497|.|20450|17|.|111240|101368|17|.|100772|25|.
46451|99252|99497|.|20450|17|.|111240|101368|18|.|101368|116925|25|.
46451|99252|99497|.|20450|17|.|111240|101368|18|.|100772|25|.
46451|99252|99497|.|20450|17|.|111240|101368|19|.|101368|116925|25|.
46451|99252|99497|.|20450|17|.|111240|101368|19|.|100772|25|.
46451|99252|99497|.|20450|17|.|111240|101368|20|.|101368|116925|25|.
46451|99252|99497|.|20450|17|.|111240|101368|20|.|100772|25|.
46451|99252|99497|.|20450|17|.|111240|101368|21|.|101368|116925|25|.
46451|99252|99497|.|20450|17|.|111240|101368|21|.|100772|25|.
46451|99252|99497|.|20450|17|.|111240|101368|22|.|101368|116925|25|.
46451|99252|99497|.|20450|17|.|111240|101368|22|.|100772|25|.
46451|99252|99497|.|20450|17|.|111240|101368|23|.|101368|116925|25|.
46451|99252|99497|.|20450|17|.|111240|101368|23|.|100772|25|.
46451|99252|99497|.|20450|17|.|111240|101368|24|.|101368|116925|25|.
46451|99252|99497|.|20450|17|.|111240|101368|24|.|100772|25|.
46451|99252|99497|.|20450|17|.|111240|101368|16|15|.|101368|116925|25|.
46451|99252|99497|.|20450|17|.|111240|101368|16|15|.|100772|25|.
46451|99252|99497|.|20450|17|.|100205|33071|101368|25|.
46451|99252|99497|.|20450|17|.|118476|101897|.|108097|29991|25|.
46451|99252|99497|.|20450|17|.|118476|101897|.|101071|104778|73345|81217|59151|25|.
46451|99252|99497|.|20450|17|.|118476|101897|.|105185|105262|25|.
46451|99252|99497|.|20450|17|.|118476|101897|.|104459|16|.|104459|29991|25|.
46451|99252|99497|.|20450|17|.|118476|101897|.|104459|16|.|11622|24339|113363|25|.
46451|99252|99497|.|20450|17|.|118476|101897|.|104459|17|.|104459|29991|25|.
46451|99252|99497|.|20450|17|.|118476|101897|.|104459|17|.|11622|24339|113363|25|.
46451|99252|99497|.|20450|17|.|118476|101897|.|104459|18|.|104459|29991|25|.
46451|99252|99497|.|20450|17|.|118476|101897|.|104459|18|.|11622|24339|113363|25|.
46451|99252|99497|.|20450|17|.|118476|101897|.|104459|19|.|104459|29991|25|.
46451|99252|99497|.|20450|17|.|118476|101897|.|104459|19|.|11622|24339|113363|25|.
46451|99252|99497|.|20450|17|.|118476|101897|.|104459|20|.|104459|29991|25|.
46451|99252|99497|.|20450|17|.|118476|101897|.|104459|20|.|11622|24339|113363|25|.
46451|99252|99497|.|20450|17|.|118476|101897|.|104459|21|.|104459|29991|25|.
46451|99252|99497|.|20450|17|.|118476|101897|.|104459|21|.|11622|24339|113363|25|.
46451|99252|99497|.|20450|17|.|118476|101897|.|104459|22|.|104459|29991|25|.
46451|99252|99497|.|20450|17|.|118476|101897|.|104459|22|.|11622|24339|113363|25|.
46451|99252|99497|.|20450|17|.|118476|101897|.|104459|23|.|104459|29991|25|.
46451|99252|99497|.|20450|17|.|118476|101897|.|104459|23|.|11622|24339|113363|25|.
46451|99252|99497|.|20450|17|.|118476|101897|.|104459|24|.|104459|29991|25|.
46451|99252|99497|.|20450|17|.|118476|101897|.|104459|24|.|11622|24339|113363|25|.
46451|99252|99497|.|20450|17|.|118476|101897|.|104459|16|15|.|104459|29991|25|.
46451|99252|99497|.|20450|17|.|118476|101897|.|104459|16|15|.|11622|24339|113363|25|.
46451|99252|99497|.|20450|17|.|118476|101897|.|92894|101899|101082|25|.
46451|99252|99497|.|20450|17|.|118476|101897|.|106141|46670|100040|25|.
46451|99252|99497|.|20450|17|.|100652|20450|25|.
46451|99252|99497|.|20450|18|.|99726|20450|25|.
46451|99252|99497|.|20450|18|.|113422|57218|100609|62112|25|.
46451|99252|99497|.|20450|18|.|99558|101368|.|101368|116925|25|.
46451|99252|99497|.|20450|18|.|99558|101368|.|105155|100069|25|.
46451|99252|99497|.|20450|18|.|99558|101368|.|108854|100741|25|.
46451|99252|99497|.|20450|18|.|99558|101368|.|105002|100741|25|.
46451|99252|99497|.|20450|18|.|111240|101368|16|.|101368|116925|25|.
46451|99252|99497|.|20450|18|.|111240|101368|16|.|100772|25|.
46451|99252|99497|.|20450|18|.|111240|101368|17|.|101368|116925|25|.
46451|99252|99497|.|20450|18|.|111240|101368|17|.|100772|25|.
46451|99252|99497|.|20450|18|.|111240|101368|18|.|101368|116925|25|.
46451|99252|99497|.|20450|18|.|111240|101368|18|.|100772|25|.
46451|99252|99497|.|20450|18|.|111240|101368|19|.|101368|116925|25|.
46451|99252|99497|.|20450|18|.|111240|101368|19|.|100772|25|.
46451|99252|99497|.|20450|18|.|111240|101368|20|.|101368|116925|25|.
46451|99252|99497|.|20450|18|.|111240|101368|20|.|100772|25|.
46451|99252|99497|.|20450|18|.|111240|101368|21|.|101368|116925|25|.
46451|99252|99497|.|20450|18|.|111240|101368|21|.|100772|25|.
46451|99252|99497|.|20450|18|.|111240|101368|22|.|101368|116925|25|.
46451|99252|99497|.|20450|18|.|111240|101368|22|.|100772|25|.
46451|99252|99497|.|20450|18|.|111240|101368|23|.|101368|116925|25|.
46451|99252|99497|.|20450|18|.|111240|101368|23|.|100772|25|.
46451|99252|99497|.|20450|18|.|111240|101368|24|.|101368|116925|25|.
46451|99252|99497|.|20450|18|.|111240|101368|24|.|100772|25|.
46451|99252|99497|.|20450|18|.|111240|101368|16|15|.|101368|116925|25|.
46451|99252|99497|.|20450|18|.|111240|101368|16|15|.|100772|25|.
46451|99252|99497|.|20450|18|.|100205|33071|101368|25|.
46451|99252|99497|.|20450|18|.|118476|101897|.|108097|29991|25|.
46451|99252|99497|.|20450|18|.|118476|101897|.|101071|104778|73345|81217|59151|25|.
46451|99252|99497|.|20450|18|.|118476|101897|.|105185|105262|25|.
46451|99252|99497|.|20450|18|.|118476|101897|.|104459|16|.|104459|29991|25|.
46451|99252|99497|.|20450|18|.|118476|101897|.|104459|16|.|11622|24339|113363|25|.
46451|99252|99497|.|20450|18|.|118476|101897|.|104459|17|.|104459|29991|25|.
46451|99252|99497|.|20450|18|.|118476|101897|.|104459|17|.|11622|24339|113363|25|.
46451|99252|99497|.|20450|18|.|118476|101897|.|104459|18|.|104459|29991|25|.
46451|99252|99497|.|20450|18|.|118476|101897|.|104459|18|.|11622|24339|113363|25|.
46451|99252|99497|.|20450|18|.|118476|101897|.|104459|19|.|104459|29991|25|.
46451|99252|99497|.|20450|18|.|118476|101897|.|104459|19|.|11622|24339|113363|25|.
46451|99252|99497|.|20450|18|.|118476|101897|.|104459|20|.|104459|29991|25|.
46451|99252|99497|.|20450|18|.|118476|101897|.|104459|20|.|11622|24339|113363|25|.
46451|99252|99497|.|20450|18|.|118476|101897|.|104459|21|.|104459|29991|25|.
46451|99252|99497|.|20450|18|.|118476|101897|.|104459|21|.|11622|24339|113363|25|.
46451|99252|99497|.|20450|18|.|118476|101897|.|104459|22|.|104459|29991|25|.
46451|99252|99497|.|20450|18|.|118476|101897|.|104459|22|.|11622|24339|113363|25|.
46451|99252|99497|.|20450|18|.|118476|101897|.|104459|23|.|104459|29991|25|.
46451|99252|99497|.|20450|18|.|118476|101897|.|104459|23|.|11622|24339|113363|25|.
46451|99252|99497|.|20450|18|.|118476|101897|.|104459|24|.|104459|29991|25|.
46451|99252|99497|.|20450|18|.|118476|101897|.|104459|24|.|11622|24339|113363|25|.
46451|99252|99497|.|20450|18|.|118476|101897|.|104459|16|15|.|104459|29991|25|.
46451|99252|99497|.|20450|18|.|118476|101897|.|104459|16|15|.|11622|24339|113363|25|.
46451|99252|99497|.|20450|18|.|118476|101897|.|92894|101899|101082|25|.
46451|99252|99497|.|20450|18|.|118476|101897|.|106141|46670|100040|25|.
46451|99252|99497|.|20450|18|.|100652|20450|25|.
46451|99252|99497|.|20450|19|.|99726|20450|25|.
46451|99252|99497|.|20450|19|.|113422|57218|100609|62112|25|.
46451|99252|99497|.|20450|19|.|99558|101368|.|101368|116925|25|.
46451|99252|99497|.|20450|19|.|99558|101368|.|105155|100069|25|.
46451|99252|99497|.|20450|19|.|99558|101368|.|108854|100741|25|.
46451|99252|99497|.|20450|19|.|99558|101368|.|105002|100741|25|.
46451|99252|99497|.|20450|19|.|111240|101368|16|.|101368|116925|25|.
46451|99252|99497|.|20450|19|.|111240|101368|16|.|100772|25|.
46451|99252|99497|.|20450|19|.|111240|101368|17|.|101368|116925|25|.
46451|99252|99497|.|20450|19|.|111240|101368|17|.|100772|25|.
46451|99252|99497|.|20450|19|.|111240|101368|18|.|101368|116925|25|.
46451|99252|99497|.|20450|19|.|111240|101368|18|.|100772|25|.
46451|99252|99497|.|20450|19|.|111240|101368|19|.|101368|116925|25|.
46451|99252|99497|.|20450|19|.|111240|101368|19|.|100772|25|.
46451|99252|99497|.|20450|19|.|111240|101368|20|.|101368|116925|25|.
46451|99252|99497|.|20450|19|.|111240|101368|20|.|100772|25|.
46451|99252|99497|.|20450|19|.|111240|101368|21|.|101368|116925|25|.
46451|99252|99497|.|20450|19|.|111240|101368|21|.|100772|25|.
46451|99252|99497|.|20450|19|.|111240|101368|22|.|101368|116925|25|.
46451|99252|99497|.|20450|19|.|111240|101368|22|.|100772|25|.
46451|99252|99497|.|20450|19|.|111240|101368|23|.|101368|116925|25|.
46451|99252|99497|.|20450|19|.|111240|101368|23|.|100772|25|.
46451|99252|99497|.|20450|19|.|111240|101368|24|.|101368|116925|25|.
46451|99252|99497|.|20450|19|.|111240|101368|24|.|100772|25|.
46451|99252|99497|.|20450|19|.|111240|101368|16|15|.|101368|116925|25|.
46451|99252|99497|.|20450|19|.|111240|101368|16|15|.|100772|25|.
46451|99252|99497|.|20450|19|.|100205|33071|101368|25|.
46451|99252|99497|.|20450|19|.|118476|101897|.|108097|29991|25|.
46451|99252|99497|.|20450|19|.|118476|101897|.|101071|104778|73345|81217|59151|25|.
46451|99252|99497|.|20450|19|.|118476|101897|.|105185|105262|25|.
46451|99252|99497|.|20450|19|.|118476|101897|.|104459|16|.|104459|29991|25|.
46451|99252|99497|.|20450|19|.|118476|101897|.|104459|16|.|11622|24339|113363|25|.
46451|99252|99497|.|20450|19|.|118476|101897|.|104459|17|.|104459|29991|25|.
46451|99252|99497|.|20450|19|.|118476|101897|.|104459|17|.|11622|24339|113363|25|.
46451|99252|99497|.|20450|19|.|118476|101897|.|104459|18|.|104459|29991|25|.
46451|99252|99497|.|20450|19|.|118476|101897|.|104459|18|.|11622|24339|113363|25|.
46451|99252|99497|.|20450|19|.|118476|101897|.|104459|19|.|104459|29991|25|.
46451|99252|99497|.|20450|19|.|118476|101897|.|104459|19|.|11622|24339|113363|25|.
46451|99252|99497|.|20450|19|.|118476|101897|.|104459|20|.|104459|29991|25|.
46451|99252|99497|.|20450|19|.|118476|101897|.|104459|20|.|11622|24339|113363|25|.
46451|99252|99497|.|20450|19|.|118476|101897|.|104459|21|.|104459|29991|25|.
46451|99252|99497|.|20450|19|.|118476|101897|.|104459|21|.|11622|24339|113363|25|.
46451|99252|99497|.|20450|19|.|118476|101897|.|104459|22|.|104459|29991|25|.
46451|99252|99497|.|20450|19|.|118476|101897|.|104459|22|.|11622|24339|113363|25|.
46451|99252|99497|.|20450|19|.|118476|101897|.|104459|23|.|104459|29991|25|.
46451|99252|99497|.|20450|19|.|118476|101897|.|104459|23|.|11622|24339|113363|25|.
46451|99252|99497|.|20450|19|.|118476|101897|.|104459|24|.|104459|29991|25|.
46451|99252|99497|.|20450|19|.|118476|101897|.|104459|24|.|11622|24339|113363|25|.
46451|99252|99497|.|20450|19|.|118476|101897|.|104459|16|15|.|104459|29991|25|.
46451|99252|99497|.|20450|19|.|118476|101897|.|104459|16|15|.|11622|24339|113363|25|.
46451|99252|99497|.|20450|19|.|118476|101897|.|92894|101899|101082|25|.
46451|99252|99497|.|20450|19|.|118476|101897|.|106141|46670|100040|25|.
46451|99252|99497|.|20450|19|.|100652|20450|25|.
46451|99252|99497|.|20450|20|.|99726|20450|25|.
46451|99252|99497|.|20450|20|.|113422|57218|100609|62112|25|.
46451|99252|99497|.|20450|20|.|99558|101368|.|101368|116925|25|.
46451|99252|99497|.|20450|20|.|99558|101368|.|105155|100069|25|.
46451|99252|99497|.|20450|20|.|99558|101368|.|108854|100741|25|.
46451|99252|99497|.|20450|20|.|99558|101368|.|105002|100741|25|.
46451|99252|99497|.|20450|20|.|111240|101368|16|.|101368|116925|25|.
46451|99252|99497|.|20450|20|.|111240|101368|16|.|100772|25|.
46451|99252|99497|.|20450|20|.|111240|101368|17|.|101368|116925|25|.
46451|99252|99497|.|20450|20|.|111240|101368|17|.|100772|25|.
46451|99252|99497|.|20450|20|.|111240|101368|18|.|101368|116925|25|.
46451|99252|99497|.|20450|20|.|111240|101368|18|.|100772|25|.
46451|99252|99497|.|20450|20|.|111240|101368|19|.|101368|116925|25|.
46451|99252|99497|.|20450|20|.|111240|101368|19|.|100772|25|.
46451|99252|99497|.|20450|20|.|111240|101368|20|.|101368|116925|25|.
46451|99252|99497|.|20450|20|.|111240|101368|20|.|100772|25|.
46451|99252|99497|.|20450|20|.|111240|101368|21|.|101368|116925|25|.
46451|99252|99497|.|20450|20|.|111240|101368|21|.|100772|25|.
46451|99252|99497|.|20450|20|.|111240|101368|22|.|101368|116925|25|.
46451|99252|99497|.|20450|20|.|111240|101368|22|.|100772|25|.
46451|99252|99497|.|20450|20|.|111240|101368|23|.|101368|116925|25|.
46451|99252|99497|.|20450|20|.|111240|101368|23|.|100772|25|.
46451|99252|99497|.|20450|20|.|111240|101368|24|.|101368|116925|25|.
46451|99252|99497|.|20450|20|.|111240|101368|24|.|100772|25|.
46451|99252|99497|.|20450|20|.|111240|101368|16|15|.|101368|116925|25|.
46451|99252|99497|.|20450|20|.|111240|101368|16|15|.|100772|25|.
46451|99252|99497|.|20450|20|.|100205|33071|101368|25|.
46451|99252|99497|.|20450|20|.|118476|101897|.|108097|29991|25|.
46451|99252|99497|.|20450|20|.|118476|101897|.|101071|104778|73345|81217|59151|25|.
46451|99252|99497|.|20450|20|.|118476|101897|.|105185|105262|25|.
46451|99252|99497|.|20450|20|.|118476|101897|.|104459|16|.|104459|29991|25|.
46451|99252|99497|.|20450|20|.|118476|101897|.|104459|16|.|11622|24339|113363|25|.
46451|99252|99497|.|20450|20|.|118476|101897|.|104459|17|.|104459|29991|25|.
46451|99252|99497|.|20450|20|.|118476|101897|.|104459|17|.|11622|24339|113363|25|.
46451|99252|99497|.|20450|20|.|118476|101897|.|104459|18|.|104459|29991|25|.
46451|99252|99497|.|20450|20|.|118476|101897|.|104459|18|.|11622|24339|113363|25|.
46451|99252|99497|.|20450|20|.|118476|101897|.|104459|19|.|104459|29991|25|.
46451|99252|99497|.|20450|20|.|118476|101897|.|104459|19|.|11622|24339|113363|25|.
46451|99252|99497|.|20450|20|.|118476|101897|.|104459|20|.|104459|29991|25|.
46451|99252|99497|.|20450|20|.|118476|101897|.|104459|20|.|11622|24339|113363|25|.
46451|99252|99497|.|20450|20|.|118476|101897|.|104459|21|.|104459|29991|25|.
46451|99252|99497|.|20450|20|.|118476|101897|.|104459|21|.|11622|24339|113363|25|.
46451|99252|99497|.|20450|20|.|118476|101897|.|104459|22|.|104459|29991|25|.
46451|99252|99497|.|20450|20|.|118476|101897|.|104459|22|.|11622|24339|113363|25|.
46451|99252|99497|.|20450|20|.|118476|101897|.|104459|23|.|104459|29991|25|.
46451|99252|99497|.|20450|20|.|118476|101897|.|104459|23|.|11622|24339|113363|25|.
46451|99252|99497|.|20450|20|.|118476|101897|.|104459|24|.|104459|29991|25|.
46451|99252|99497|.|20450|20|.|118476|101897|.|104459|24|.|11622|24339|113363|25|.
46451|99252|99497|.|20450|20|.|118476|101897|.|104459|16|15|.|104459|29991|25|.
46451|99252|99497|.|20450|20|.|118476|101897|.|104459|16|15|.|11622|24339|113363|25|.
46451|99252|99497|.|20450|20|.|118476|101897|.|92894|101899|101082|25|.
46451|99252|99497|.|20450|20|.|118476|101897|.|106141|46670|100040|25|.
46451|99252|99497|.|20450|20|.|100652|20450|25|.
46451|99252|99497|.|110928|100466|25|.
46451|99252|99497|.|100141|99559|.|100150|25|.
46451|99252|99497|.|100141|99559|.|105552|25|.
46451|99252|99497|.|100141|99559|.|104579|25|.
46451|99252|99497|.|100141|99559|.|92032|99364|25|.
46451|99252|99497|.|100141|99559|.|107235|100682|25|.
99929|99321|99497|.|101160|99497|16|.|113812|20450|25|.
99929|99321|99497|.|101160|99497|16|.|101160|29991|25|.
99929|99321|99497|.|101160|99497|16|.|104459|16|.|104459|29991|25|.
99929|99321|99497|.|101160|99497|16|.|104459|16|.|11622|24339|113363|25|.
99929|99321|99497|.|101160|99497|16|.|104459|17|.|104459|29991|25|.
99929|99321|99497|.|101160|99497|16|.|104459|17|.|11622|24339|113363|25|.
99929|99321|99497|.|101160|99497|16|.|104459|18|.|104459|29991|25|.
99929|99321|99497|.|101160|99497|16|.|104459|18|.|11622|24339|113363|25|.
99929|99321|99497|.|101160|99497|16|.|104459|19|.|104459|29991|25|.
99929|99321|99497|.|101160|99497|16|.|104459|19|.|11622|24339|113363|25|.
99929|99321|99497|.|101160|99497|16|.|104459|20|.|104459|29991|25|.
99929|99321|99497|.|101160|99497|16|.|104459|20|.|11622|24339|113363|25|.
99929|99321|99497|.|101160|99497|16|.|104459|21|.|104459|29991|25|.
99929|99321|99497|.|101160|99497|16|.|104459|21|.|11622|24339|113363|25|.
99929|99321|99497|.|101160|99497|16|.|104459|22|.|104459|29991|25|.
99929|99321|99497|.|101160|99497|16|.|104459|22|.|11622|24339|113363|25|.
99929|99321|99497|.|101160|99497|16|.|104459|23|.|104459|29991|25|.
99929|99321|99497|.|101160|99497|16|.|104459|23|.|11622|24339|113363|25|.
99929|99321|99497|.|101160|99497|16|.|104459|24|.|104459|29991|25|.
99929|99321|99497|.|101160|99497|16|.|104459|24|.|11622|24339|113363|25|.
99929|99321|99497|.|101160|99497|16|.|104459|16|15|.|104459|29991|25|.
99929|99321|99497|.|101160|99497|16|.|104459|16|15|.|11622|24339|113363|25|.
99929|99321|99497|.|101160|99497|16|.|92894|101899|101082|25|.
99929|99321|99497|.|101160|99497|16|.|106141|46670|100040|25|.
99929|99321|99497|.|101160|99497|17|.|113812|20450|25|.
99929|99321|99497|.|101160|99497|17|.|101160|29991|25|.
99929|99321|99497|.|101160|99497|17|.|104459|16|.|104459|29991|25|.
99929|99321|99497|.|101160|99497|17|.|104459|16|.|11622|24339|113363|25|.
99929|99321|99497|.|101160|99497|17|.|104459|17|.|104459|29991|25|.
99929|99321|99497|.|101160|99497|17|.|104459|17|.|11622|24339|113363|25|.
99929|99321|99497|.|101160|99497|17|.|104459|18|.|104459|29991|25|.
99929|99321|99497|.|101160|99497|17|.|104459|18|.|11622|24339|113363|25|.
99929|99321|99497|.|101160|99497|17|.|104459|19|.|104459|29991|25|.
99929|99321|99497|.|101160|99497|17|.|104459|19|.|11622|24339|113363|25|.
99929|99321|99497|.|101160|99497|17|.|104459|20|.|104459|29991|25|.
99929|99321|99497|.|101160|99497|17|.|104459|20|.|11622|24339|113363|25|.
99929|99321|99497|.|101160|99497|17|.|104459|21|.|104459|29991|25|.
99929|99321|99497|.|101160|99497|17|.|104459|21|.|11622|24339|113363|25|.
99929|99321|99497|.|101160|99497|17|.|104459|22|.|104459|29991|25|.
99929|99321|99497|.|101160|99497|17|.|104459|22|.|11622|24339|113363|25|.
99929|99321|99497|.|101160|99497|17|.|104459|23|.|104459|29991|25|.
99929|99321|99497|.|101160|99497|17|.|104459|23|.|11622|24339|113363|25|.
99929|99321|99497|.|101160|99497|17|.|104459|24|.|104459|29991|25|.
99929|99321|99497|.|101160|99497|17|.|104459|24|.|11622|24339|113363|25|.
99929|99321|99497|.|101160|99497|17|.|104459|16|15|.|104459|29991|25|.
99929|99321|99497|.|101160|99497|17|.|104459|16|15|.|11622|24339|113363|25|.
99929|99321|99497|.|101160|99497|17|.|92894|101899|101082|25|.
99929|99321|99497|.|101160|99497|17|.|106141|46670|100040|25|.
99929|99321|99497|.|101160|99497|18|.|113812|20450|25|.
99929|99321|99497|.|101160|99497|18|.|101160|29991|25|.
99929|99321|99497|.|101160|99497|18|.|104459|16|.|104459|29991|25|.
99929|99321|99497|.|101160|99497|18|.|104459|16|.|11622|24339|113363|25|.
99929|99321|99497|.|101160|99497|18|.|104459|17|.|104459|29991|25|.
99929|99321|99497|.|101160|99497|18|.|104459|17|.|11622|24339|113363|25|.
99929|99321|99497|.|101160|99497|18|.|104459|18|.|104459|29991|25|.
99929|99321|99497|.|101160|99497|18|.|104459|18|.|11622|24339|113363|25|.
99929|99321|99497|.|101160|99497|18|.|104459|19|.|104459|29991|25|.
99929|99321|99497|.|101160|99497|18|.|104459|19|.|11622|24339|113363|25|.
99929|99321|99497|.|101160|99497|18|.|104459|20|.|104459|29991|25|.
99929|99321|99497|.|101160|99497|18|.|104459|20|.|11622|24339|113363|25|.
99929|99321|99497|.|101160|99497|18|.|104459|21|.|104459|29991|25|.
99929|99321|99497|.|101160|99497|18|.|104459|21|.|11622|24339|113363|25|.
99929|99321|99497|.|101160|99497|18|.|104459|22|.|104459|29991|25|.
99929|99321|99497|.|101160|99497|18|.|104459|22|.|11622|24339|113363|25|.
99929|99321|99497|.|101160|99497|18|.|104459|23|.|104459|29991|25|.
99929|99321|99497|.|101160|99497|18|.|104459|23|.|11622|24339|113363|25|.
99929|99321|99497|.|101160|99497|18|.|104459|24|.|104459|29991|25|.
99929|99321|99497|.|101160|99497|18|.|104459|24|.|11622|24339|113363|25|.
99929|99321|99497|.|101160|99497|18|.|104459|16|15|.|104459|29991|25|.
99929|99321|99497|.|101160|99497|18|.|104459|16|15|.|11622|24339|113363|25|.
99929|99321|99497|.|101160|99497|18|.|92894|101899|101082|25|.
99929|99321|99497|.|101160|99497|18|.|106141|46670|100040|25|.
99929|99321|99497|.|101160|99497|19|.|113812|20450|25|.
99929|99321|99497|.|101160|99497|19|.|101160|29991|25|.
99929|99321|99497|.|101160|99497|19|.|104459|16|.|104459|29991|25|.
99929|99321|99497|.|101160|99497|19|.|104459|16|.|11622|24339|113363|25|.
99929|99321|99497|.|101160|99497|19|.|104459|17|.|104459|29991|25|.
99929|99321|99497|.|101160|99497|19|.|104459|17|.|11622|24339|113363|25|.
99929|99321|99497|.|101160|99497|19|.|104459|18|.|104459|29991|25|.
99929|99321|99497|.|101160|99497|19|.|104459|18|.|11622|24339|113363|25|.
99929|99321|99497|.|101160|99497|19|.|104459|19|.|104459|29991|25|.
99929|99321|99497|.|101160|99497|19|.|104459|19|.|11622|24339|113363|25|.
99929|99321|99497|.|101160|99497|19|.|104459|20|.|104459|29991|25|.
99929|99321|99497|.|101160|99497|19|.|104459|20|.|11622|24339|113363|25|.
99929|99321|99497|.|101160|99497|19|.|104459|21|.|104459|29991|25|.
99929|99321|99497|.|101160|99497|19|.|104459|21|.|11622|24339|113363|25|.
99929|99321|99497|.|101160|99497|19|.|104459|22|.|104459|29991|25|.
99929|99321|99497|.|101160|99497|19|.|104459|22|.|11622|24339|113363|25|.
99929|99321|99497|.|101160|99497|19|.|104459|23|.|104459|29991|25|.
99929|99321|99497|.|101160|99497|19|.|104459|23|.|11622|24339|113363|25|.
99929|99321|99497|.|101160|99497|19|.|104459|24|.|104459|29991|25|.
99929|99321|99497|.|101160|99497|19|.|104459|24|.|11622|24339|113363|25|.
99929|99321|99497|.|101160|99497|19|.|104459|16|15|.|104459|29991|25|.
99929|99321|99497|.|101160|99497|19|.|104459|16|15|.|11622|24339|113363|25|.
99929|99321|99497|.|101160|99497|19|.|92894|101899|101082|25|.
99929|99321|99497|.|101160|99497|19|.|106141|46670|100040|25|.
99929|99321|99497|.|101160|99497|20|.|113812|20450|25|.
99929|99321|99497|.|101160|99497|20|.|101160|29991|25|.
99929|99321|99497|.|101160|99497|20|.|104459|16|.|104459|29991|25|.
99929|99321|99497|.|101160|99497|20|.|104459|16|.|11622|24339|113363|25|.
99929|99321|99497|.|101160|99497|20|.|104459|17|.|104459|29991|25|.
99929|99321|99497|.|101160|99497|20|.|104459|17|.|11622|24339|113363|25|.
99929|99321|99497|.|101160|99497|20|.|104459|18|.|104459|29991|25|.
99929|99321|99497|.|101160|99497|20|.|104459|18|.|11622|24339|113363|25|.
99929|99321|99497|.|101160|99497|20|.|104459|19|.|104459|29991|25|.
99929|99321|99497|.|101160|99497|20|.|104459|19|.|11622|24339|113363|25|.
99929|99321|99497|.|101160|99497|20|.|104459|20|.|104459|29991|25|.
99929|99321|99497|.|101160|99497|20|.|104459|20|.|11622|24339|113363|25|.
99929|99321|99497|.|101160|99497|20|.|104459|21|.|104459|29991|25|.
99929|99321|99497|.|101160|99497|20|.|104459|21|.|11622|24339|113363|25|.
99929|99321|99497|.|101160|99497|20|.|104459|22|.|104459|29991|25|.
99929|99321|99497|.|101160|99497|20|.|104459|22|.|11622|24339|113363|25|.
99929|99321|99497|.|101160|99497|20|.|104459|23|.|104459|29991|25|.
99929|99321|99497|.|101160|99497|20|.|104459|23|.|11622|24339|113363|25|.
99929|99321|99497|.|101160|99497|20|.|104459|24|.|104459|29991|25|.
99929|99321|99497|.|101160|99497|20|.|104459|24|.|11622|24339|113363|25|.
99929|99321|99497|.|101160|99497|20|.|104459|16|15|.|104459|29991|25|.
99929|99321|99497|.|101160|99497|20|.|104459|16|15|.|11622|24339|113363|25|.
99929|99321|99497|.|101160|99497|20|.|92894|101899|101082|25|.
99929|99321|99497|.|101160|99497|20|.|106141|46670|100040|25|.
99929|99321|99497|.|92894|27369|25|.
99929|99321|99497|.|101160|104160|16|.|113812|20450|25|.
99929|99321|99497|.|101160|104160|16|.|101160|29991|25|.
99929|99321|99497|.|101160|104160|16|.|108097|29991|25|.
99929|99321|99497|.|101160|104160|16|.|104160|29991|25|.
99929|99321|99497|.|101160|104160|16|.|106141|46670|100040|25|.
99929|99321|99497|.|101160|104160|17|.|113812|20450|25|.
99929|99321|99497|.|101160|104160|17|.|101160|29991|25|.
99929|99321|99497|.|101160|104160|17|.|108097|29991|25|.
99929|99321|99497|.|101160|104160|17|.|104160|29991|25|.
99929|99321|99497|.|101160|104160|17|.|106141|46670|100040|25|.
99929|99321|99497|.|101160|104160|18|.|113812|20450|25|.
99929|99321|99497|.|101160|104160|18|.|101160|29991|25|.
99929|99321|99497|.|101160|104160|18|.|108097|29991|25|.
99929|99321|99497|.|101160|104160|18|.|104160|29991|25|.
99929|99321|99497|.|101160|104160|18|.|106141|46670|100040|25|.
99929|99321|99497|.|101160|104160|19|.|113812|20450|25|.
99929|99321|99497|.|101160|104160|19|.|101160|29991|25|.
99929|99321|99497|.|101160|104160|19|.|108097|29991|25|.
99929|99321|99497|.|101160|104160|19|.|104160|29991|25|.
99929|99321|99497|.|101160|104160|19|.|106141|46670|100040|25|.
99929|99321|99497|.|101160|104160|20|.|113812|20450|25|.
99929|99321|99497|.|101160|104160|20|.|101160|29991|25|.
99929|99321|99497|.|101160|104160|20|.|108097|29991|25|.
99929|99321|99497|.|101160|104160|20|.|104160|29991|25|.
99929|99321|99497|.|101160|104160|20|.|106141|46670|100040|25|.
99929|99321|99497|.|47815|99616|9909|104160|7552|16|.|113812|20450|25|.
99929|99321|99497|.|47815|99616|9909|104160|7552|16|.|116051|100741|25|.
99929|99321|99497|.|47815|99616|9909|104160|7552|16|.|101160|29991|25|.
99929|99321|99497|.|47815|99616|9909|104160|7552|16|.|108097|29991|25|.
99929|99321|99497|.|47815|99616|9909|104160|7552|16|.|104160|29991|25|.
99929|99321|99497|.|47815|99616|9909|104160|7552|16|.|92894|101899|101082|25|.
99929|99321|99497|.|47815|99616|9909|104160|7552|16|.|106141|46670|100040|25|.
99929|99321|99497|.|47815|99616|9909|104160|7552|17|.|113812|20450|25|.
99929|99321|99497|.|47815|99616|9909|104160|7552|17|.|116051|100741|25|.
99929|99321|99497|.|47815|99616|9909|104160|7552|17|.|101160|29991|25|.
99929|99321|99497|.|47815|99616|9909|104160|7552|17|.|108097|29991|25|.
99929|99321|99497|.|47815|99616|9909|104160|7552|17|.|104160|29991|25|.
99929|99321|99497|.|47815|99616|9909|104160|7552|17|.|92894|101899|101082|25|.
99929|99321|99497|.|47815|99616|9909|104160|7552|17|.|106141|46670|100040|25|.
99929|99321|99497|.|47815|99616|9909|104160|7552|18|.|113812|20450|25|.
99929|99321|99497|.|47815|99616|9909|104160|7552|18|.|116051|100741|25|.
99929|99321|99497|.|47815|99616|9909|104160|7552|18|.|101160|29991|25|.
99929|99321|99497|.|47815|99616|9909|104160|7552|18|.|108097|29991|25|.
99929|99321|99497|.|47815|99616|9909|104160|7552|18|.|104160|29991|25|.
99929|99321|99497|.|47815|99616|9909|104160|7552|18|.|92894|101899|101082|25|.
99929|99321|99497|.|47815|99616|9909|104160|7552|18|.|106141|46670|100040|25|.
99929|99321|99497|.|47815|99616|9909|104160|7552|19|.|113812|20450|25|.
99929|99321|99497|.|47815|99616|9909|104160|7552|19|.|116051|100741|25|.
99929|99321|99497|.|47815|99616|9909|104160|7552|19|.|101160|29991|25|.
99929|99321|99497|.|47815|99616|9909|104160|7552|19|.|108097|29991|25|.
99929|99321|99497|.|47815|99616|9909|104160|7552|19|.|104160|29991|25|.
99929|99321|99497|.|47815|99616|9909|104160|7552|19|.|92894|101899|101082|25|.
99929|99321|99497|.|47815|99616|9909|104160|7552|19|.|106141|46670|100040|25|.
99929|99321|99497|.|47815|99616|9909|104160|7552|20|.|113812|20450|25|.
99929|99321|99497|.|47815|99616|9909|104160|7552|20|.|116051|100741|25|.
99929|99321|99497|.|47815|99616|9909|104160|7552|20|.|101160|29991|25|.
99929|99321|99497|.|47815|99616|9909|104160|7552|20|.|108097|29991|25|.
99929|99321|99497|.|47815|99616|9909|104160|7552|20|.|104160|29991|25|.
99929|99321|99497|.|47815|99616|9909|104160|7552|20|.|92894|101899|101082|25|.
99929|99321|99497|.|47815|99616|9909|104160|7552|20|.|106141|46670|100040|25|.
99929|99321|99497|.|102153|107270|25|.
99929|99321|99497|.|104459|107270|25|.
99929|99321|99497|.|25710|99389|99497|25|.
99838|99241|99497|110362|99497|.|104617|44091|25|.
99838|99241|99497|110362|99497|.|110362|25|.
99838|99241|99497|110362|99497|.|103042|25|.
99605|99497|.|111847|25|.
99605|99497|.|113602|25|.
99605|99497|.|99505|102108|25|.
104688|99497|.|114393|25|.
104688|99497|.|108122|114719|25|.
31914|33983|101071|.|107958|25|.
31914|33983|101071|.|107235|25|.
31914|33983|101071|.|108426|32876|31914|25|.
104650|101071|.|101071|104778|73345|16|.|100370|20450|25|.
104650|101071|.|101071|104778|73345|16|.|108097|29991|25|.
104650|101071|.|101071|104778|73345|16|.|101071|104778|73345|81217|59151|25|.
104650|101071|.|101071|104778|73345|17|.|100370|20450|25|.
104650|101071|.|101071|104778|73345|17|.|108097|29991|25|.
104650|101071|.|101071|104778|73345|17|.|101071|104778|73345|81217|59151|25|.
104650|101071|.|101071|104778|73345|18|.|100370|20450|25|.
104650|101071|.|101071|104778|73345|18|.|108097|29991|25|.
104650|101071|.|101071|104778|73345|18|.|101071|104778|73345|81217|59151|25|.
104650|101071|.|101071|104778|73345|19|.|100370|20450|25|.
104650|101071|.|101071|104778|73345|19|.|108097|29991|25|.
104650|101071|.|101071|104778|73345|19|.|101071|104778|73345|81217|59151|25|.
104650|101071|.|101071|104778|73345|20|.|100370|20450|25|.
104650|101071|.|101071|104778|73345|20|.|108097|29991|25|.
104650|101071|.|101071|104778|73345|20|.|101071|104778|73345|81217|59151|25|.
105185|105262|25|.
105185|105262|.|101160|29991|16|25|.
105185|105262|.|101160|29991|17|25|.
105185|105262|.|101160|29991|18|25|.
105185|105262|.|101160|29991|19|25|.
105185|105262|.|101160|29991|20|25|.
105185|105262|.|101160|29991|21|25|.
105185|105262|.|101160|29991|22|25|.
105185|105262|.|101160|29991|23|25|.
105185|105262|.|101160|29991|24|25|.
105185|105262|.|101160|29991|16|15|25|.
54542|100065|.|101071|73345|29991|25|.
54542|100065|.|104459|16|.|104459|29991|25|.
54542|100065|.|104459|16|.|11622|24339|113363|25|.
54542|100065|.|104459|17|.|104459|29991|25|.
54542|100065|.|104459|17|.|11622|24339|113363|25|.
54542|100065|.|104459|18|.|104459|29991|25|.
54542|100065|.|104459|18|.|11622|24339|113363|25|.
54542|100065|.|104459|19|.|104459|29991|25|.
54542|100065|.|104459|19|.|11622|24339|113363|25|.
54542|100065|.|104459|20|.|104459|29991|25|.
54542|100065|.|104459|20|.|11622|24339|113363|25|.
54542|100065|.|92894|101898|25|.
54542|100065|.|58364|99781|20450|25|.
67949|105051|42192|88086|104316|106208|27369|.
